name: video-utils-tools
channels:
  - conda-forge
  - defaults
dependencies:
  - bzip2=1.0.6=h470a237_2
  - ffmpeg=4.0.2=ha6a6e2b_0
  - freetype=2.8.1=hfa320df_1
  - gmp=6.1.2=hfc679d8_0
  - gnutls=3.5.19=h2a4e5f8_1
  - libiconv=1.15=h470a237_3
  - libpng=1.6.35=ha92aebf_2
  - nettle=3.3=0
  - openh264=1.7.0=0
  - x264=1!152.20180717=h470a237_1
  - blas=1.0=mkl
  - ca-certificates=2018.03.07=0
  - certifi=2018.8.24=py36_1
  - intel-openmp=2019.0=118
  - joblib=0.12.3=py36_0
  - libedit=3.1.20170329=h6b74fdf_2
  - libffi=3.2.1=hd88cf55_4
  - libgcc-ng=8.2.0=hdf63c60_1
  - libgfortran-ng=7.3.0=hdf63c60_0
  - libstdcxx-ng=8.2.0=hdf63c60_1
  - mkl=2019.0=118
  - mkl_fft=1.0.4=py36h4414c95_1
  - mkl_random=1.0.1=py36h4414c95_1
  - ncurses=6.1=hf484d3e_0
  - numpy=1.15.1=py36h1d66e8a_0
  - numpy-base=1.15.1=py36h81de0dd_0
  - openssl=1.0.2p=h14c3975_0
  - pandas=0.23.4=py36h04863e7_0
  - pip=10.0.1=py36_0
  - python=3.6.6=hc3d631a_0
  - python-dateutil=2.7.3=py36_0
  - pytz=2018.5=py36_0
  - readline=7.0=h7b6447c_5
  - setuptools=40.2.0=py36_0
  - six=1.11.0=py36_1
  - sqlite=3.24.0=h84994c4_0
  - tk=8.6.8=hbc83047_0
  - wheel=0.31.1=py36_0
  - xz=5.2.4=h14c3975_4
  - zlib=1.2.11=ha838bed_2
